138332
138534
138837
139233
139435
139637
139839
140117
140319
140420
140824
140925
141119
141422
141826
142424
142828
143224
143325
143426
143527
143830
144125
144226
144428
144731
144832
144933
145127
145531
145632
145834
146129
146331
146432
146533
146634
146735
146836
146937
147030
147636
147737
148032
148133
148335
148436
148840
148941
149236
149337
149539
149741
149842
150019
150423
150524
150625
150726
150928
151021
151223
151324
151425
151526
151627
151728
151829
151930
152225
152427
152831
153025
153126
153227
153429
153631
153732
153833
153934
154229
154330
154431
154532
154734
154835
154936
155231
155635
155938
156031
156233
156334
156435
156536
156637
157336
157437
157942
158035
158136
158338
158540
158843
159138
159239
159340
159441
159744
159845
159946
160123
160729
160830
160931
161327
161630
161731
161832
162026
162228
162329
162733
162935
163129
163331
163432
163836
164030
164131
164636
164939
165032
165234
165436
165638
165840
165941
166438
166640
167036
167238
167440
167743
168038
168139
168240
168341
168745
168947
169040
169141
169343
169444
169545
169747
169949
170631
170934
171128
171330
171431
171532
171633
171734
172029
172130
172332
172433
172534
172635
172938
173132
173233
173334
173435
173536
173637
173738
173839
173940
174437
174841
175035
175136
175237
175338
175439
175540
175742
176037
176239
176441
176542
176744
176845
177140
177241
177342
177645