558960
559053
559457
561242
561444
561949
562345
562446
565452
566454
567052
567759
567961
568963
569965
570243
571144
571548
572045
573249
573451
576255
578057
578158
579665
579867
580044
580347
580650
580751
581349
581450
583858
584355
585256
585862
586460
587664
588565
589567
590047
592455
594156
597869
598568
599065
599469
599671
601127
604537
609143
611231
611938
613235
613538
614439
615441
615744
616645
617748
618952
620434
622236
623137
623844
626648
627549
627852
628248
633847
634748
635245
638049
644044
644246
645450
645551
647858
650746
654350
654552
654754
656253
656657
657659
660951
662551
663755
664757
665254
667056
668361
671855
672756
673455
675661
677766
677968
679568
679770
680250
680452
680957
683256
685058
686969
687163
688569
689470
690152
692964
693461
693764
694362
695768
698168
700634
701535
702133
704238
705341
706040
707749
709551
713239
715041
715647
715950
720337
723141
724446
725751
727553
727654
728454
729254
729557
731140
732243
733548
734045
734247
735148
737960
742549
744553
745555
748258
748662
749058
749361
751348
751550
753150
753251
756055
757764
759869
760551
761957
763557
765056
765864
766563
767464
769064
770352
771354
773257
774663
779370
782157
782561
783462
784565
786569
788674
788876
789373
792564
792766
792867
793465
800941
802844
803240
804646
809252
810439
810843
812746
814548
814649
815247
816653
818455
818859
820745
822244
825048
825553
825654
826353
826454
827052
828862
832651
833148
833249
835657
837560
837964
841349
843151
844961
845458
849264
849971
852455
856463
856766
856968
857263
859671
861456
865363
867468
869472
870861
871762
871964
872158
872562
872764
873968
877168
877269
878776
878877
880157
882161
884064
885975
886674
887373
888678
889579
891667
894067
894673
894774
896778
896879
898176
899885
901038
901139
901442
902242
904044
905147
907656
908860
910241
910443
911849
912447
917255
917558
919966
922854
923755
926862
927359
929464
930449
932554
933253
937160
942658
943862
947668
951457
952863
953764
955465
957974
958976
959574
962058
965367
965771
966975
969476
970764
971160
972566
973770
978578
979984
983773
984472
987074
987983
989987
990366
991267
992673
992774
993675
994273
995174
996782